1218
32 21  1
46 5  30
34 12  27
47 25  19
32 11  40
34 7  34
32 26  41
32 17  27
32 27  40
45 13  27
32 15  15
32 15  22
32 14  27
32 8  12
32 8  33
59 7  15
58 1  21
32 20  2
32 9  7
47 21  28
32 22  40
95 23  24
46 25  13
32 14  16
76 6  30
32 12  3
32 9  33
32 16  10
46 5  18
64 5  17
32 19  22
32 9  0
32 28  35
32 25  17
32 1  2
32 3  30
32 2  8
32 15  30
32 21  39
32 24  6
32 3  28
46 5  37
32 16  6
32 1  9
32 11  2
32 9  39
45 6  25
32 17  41
32 13  11
32 28  41
96 27  18
39 24  29
46 20  32
46 22  37
32 21  25
32 13  1
34 21  30
32 28  31
32 10  1
32 2  38
32 16  24
32 3  2
46 26  37
96 1  24
32 17  14
32 7  0
32 0  38
59 6  35
45 14  19
32 2  22
32 28  32
32 10  7
32 0  28
32 28  12
92 14  39
32 0  12
32 8  37
32 22  9
34 4  28
32 18  40
32 26  8
32 16  33
32 12  38
39 2  16
47 26  18
95 10  29
32 3  10
39 6  28
92 20  10
32 12  15
95 10  13
32 22  38
32 2  41
32 17  18
74 8  30
47 11  26
32 22  32
32 8  32
32 27  21
32 13  8
45 22  14
32 15  13
32 21  32
46 4  25
45 28  21
58 6  8
32 3  8
32 12  22
34 12  16
32 8  3
59 2  21
32 12  40
32 9  1
32 24  24
32 20  22
46 22  13
32 12  7
45 6  18
32 0  6
45 25  14
96 2  27
32 11  34
32 21  9
32 2  3
32 24  9
45 4  17
58 4  11
32 19  36
32 25  23
95 4  30
95 26  35
32 23  13
32 7  38
32 11  3
96 5  19
46 26  20
95 0  21
116 28  20
32 19  5
32 6  4
32 3  11
32 8  6
32 16  8
59 4  20
32 24  36
32 7  37
32 3  1
32 9  17
32 7  3
45 28  18
32 19  4
59 17  34
32 21  36
43 15  37
58 12  12
46 5  13
45 14  33
46 25  26
45 9  15
58 7  28
32 22  31
34 13  15
46 20  5
59 18  30
47 23  27
92 23  38
32 6  37
32 6  41
34 10  17
32 21  31
32 27  28
32 15  12
46 15  38
46 23  7
46 24  28
32 10  4
32 2  23
32 17  25
32 1  34
95 7  30
34 4  7
32 7  8
32 20  37
32 3  6
45 26  14
32 23  22
32 1  0
32 0  11
34 13  19
32 0  4
32 18  3
32 20  39
32 19  37
32 3  0
32 19  8
32 16  16
32 21  10
76 8  13
58 25  33
95 10  20
34 21  11
45 11  11
32 25  37
32 6  14
34 9  20
47 17  39
32 9  12
32 12  21
32 23  30
32 1  37
32 9  38
32 26  6
39 12  9
32 0  39
32 19  41
32 27  3
95 1  17
76 10  22
32 25  41
32 20  24
95 4  12
32 28  27
32 27  38
39 1  19
46 23  29
32 16  12
45 4  34
58 28  24
106 5  36
32 10  6
34 22  33
32 19  13
46 2  18
32 11  1
58 22  34
32 12  23
92 8  26
32 22  19
117 27  30
32 20  26
46 14  2
32 23  39
96 23  17
58 15  34
32 9  24
32 16  3
32 9  30
34 11  22
32 18  27
46 13  21
58 4  21
45 26  11
45 11  32
39 25  27
32 22  24
45 7  33
32 17  23
32 18  31
32 19  17
32 28  36
32 0  40
32 24  41
32 16  7
34 7  20
92 24  8
96 5  40
32 1  40
47 3  12
32 21  18
32 17  15
45 9  22
32 10  5
58 12  19
46 5  31
32 7  27
32 14  41
32 6  29
32 3  9
32 27  25
32 18  5
95 14  21
32 0  29
32 17  11
32 20  9
46 28  22
34 13  36
32 7  35
46 13  22
32 27  0
32 13  2
32 22  8
32 21  20
32 21  15
32 13  4
46 14  34
34 5  34
32 8  1
58 4  23
46 13  17
32 2  32
59 4  32
32 13  33
44 17  38
92 22  5
32 25  35
32 0  30
59 4  14
32 20  21
32 13  41
39 6  19
32 23  9
32 28  40
32 16  4
32 26  29
95 28  23
39 8  28
32 17  29
32 1  39
58 19  12
59 20  13
34 5  8
39 24  26
32 24  31
46 26  15
32 1  29
32 0  37
32 8  39
32 14  31
46 7  11
46 26  33
32 16  18
34 7  9
45 17  6
32 11  38
45 8  24
32 26  0
32 19  16
92 15  4
34 4  19
45 22  35
32 25  30
32 21  34
32 11  27
34 9  14
32 7  16
32 16  27
95 7  31
45 5  10
32 14  28
32 27  11
45 2  29
32 15  20
32 4  38
32 18  26
32 8  5
32 20  6
34 9  23
32 7  41
32 2  36
32 11  6
58 26  10
59 12  31
32 15  35
58 22  41
46 4  18
32 17  17
32 16  21
32 19  38
34 17  5
32 15  27
34 14  25
32 25  5
34 24  18
32 2  7
32 18  21
32 11  35
46 2  15
32 19  25
32 18  18
32 17  30
45 24  17
32 1  15
32 12  24
32 2  6
32 10  35
32 20  0
32 1  30
96 26  32
58 16  40
32 8  4
59 19  14
47 24  40
32 26  25
34 11  23
32 26  9
32 9  2
59 15  11
32 26  5
32 6  1
95 25  32
47 13  10
32 24  11
32 2  37
32 21  26
95 6  22
45 6  9
32 13  30
32 22  39
34 14  18
34 11  21
32 16  17
45 8  21
32 13  13
32 16  31
47 8  17
32 5  22
32 17  36
45 7  19
32 24  0
46 7  18
95 6  21
32 15  18
96 15  7
32 26  1
32 18  39
32 23  26
34 18  37
32 8  16
32 17  37
58 18  41
32 25  1
59 17  40
32 17  19
32 15  21
32 8  11
32 22  11
58 14  11
34 23  12
32 2  1
106 11  12
32 1  38
45 14  24
58 17  31
32 8  10
32 21  17
32 11  39
32 18  32
32 28  10
32 19  23
45 24  13
96 6  24
76 6  20
32 10  3
32 0  19
32 5  29
34 11  31
32 27  27
32 8  27
46 1  18
58 4  29
32 11  9
59 23  34
32 16  19
45 2  14
32 6  2
32 18  14
39 28  25
96 2  17
32 27  5
32 2  10
32 23  37
59 20  40
58 21  13
32 20  7
32 28  29
59 23  36
46 11  28
45 7  24
32 25  16
45 24  19
95 3  4
47 12  11
32 20  20
39 25  29
39 26  38
32 22  6
32 3  23
32 25  25
32 28  34
32 15  17
95 10  30
58 27  37
32 26  39
34 4  36
32 11  8
32 8  41
32 16  36
34 4  37
32 26  24
45 7  10
95 0  22
32 19  7
95 10  14
32 28  37
32 27  12
32 24  5
95 27  23
34 4  6
45 24  21
45 8  23
46 13  26
32 14  26
32 0  31
58 14  9
32 8  14
45 14  5
58 17  1
32 25  36
32 3  36
116 5  7
32 16  29
32 20  25
32 27  13
32 3  3
59 16  11
32 0  15
45 12  17
59 23  41
92 24  32
32 18  23
32 11  5
39 18  38
32 18  29
34 13  28
96 5  5
32 0  36
32 19  1
32 16  41
32 28  16
32 28  9
32 26  22
32 9  26
32 22  10
59 13  12
58 19  40
95 7  13
58 16  37
32 23  32
108 10  16
32 10  38
46 6  10
32 2  33
46 6  17
32 19  24
32 21  0
32 12  39
45 18  36
32 22  0
46 12  35
34 14  4
34 15  36
32 5  1
32 14  12
32 6  39
32 20  23
32 24  1
58 18  13
32 3  41
95 14  22
45 20  34
39 4  3
45 19  32
46 22  16
96 22  15
32 25  24
46 11  15
32 19  26
64 5  26
32 25  7
95 1  26
32 23  0
32 15  26
32 27  15
32 28  39
45 18  7
45 6  26
32 26  26
46 21  29
32 15  39
32 19  6
32 1  36
32 10  33
32 20  17
39 11  29
32 16  22
32 24  38
32 28  38
32 21  4
32 27  9
32 0  7
32 11  18
45 5  33
43 22  36
32 17  21
32 27  10
32 4  22
32 0  2
45 13  6
32 2  34
32 15  24
34 21  6
32 15  33
32 0  18
32 28  15
32 10  37
32 7  17
59 20  3
95 3  27
46 12  8
32 7  26
32 27  6
32 4  5
32 10  9
32 7  40
62 5  27
95 23  23
32 14  37
39 6  15
59 17  7
32 12  32
32 15  10
32 27  7
32 11  25
32 19  0
32 17  22
32 14  1
32 3  32
32 0  24
32 10  39
32 8  2
32 0  5
32 3  22
45 8  22
47 25  11
32 12  10
95 0  20
32 20  12
59 16  5
32 28  28
32 11  41
32 2  2
32 16  28
58 19  2
32 9  6
32 9  9
59 3  29
45 4  26
32 1  5
32 26  7
32 2  24
32 14  17
59 17  9
74 10  21
45 13  20
45 6  16
32 13  35
32 22  4
32 18  0
32 1  3
32 0  32
46 13  5
32 13  25
32 7  7
32 6  6
95 4  39
32 12  0
32 16  35
46 21  8
45 21  12
32 28  1
32 19  11
32 10  11
32 7  6
32 1  20
32 23  5
32 17  2
32 22  21
44 4  2
59 25  39
32 1  23
46 18  35
32 3  20
32 14  14
32 17  13
32 24  3
39 25  34
34 9  29
46 24  25
59 18  10
32 10  41
32 7  2
46 24  16
32 10  12
32 8  31
46 2  25
32 15  0
32 23  15
34 4  15
46 9  16
32 27  24
32 2  39
32 25  4
46 12  18
32 9  25
32 19  35
92 19  3
32 12  37
106 24  30
32 18  17
32 17  32
34 5  9
32 9  13
32 1  7
32 9  35
32 2  35
32 13  39
96 26  16
32 26  30
32 25  22
58 23  31
34 25  15
32 6  38
32 28  0
32 23  19
46 4  27
32 9  36
32 27  20
39 5  15
103 27  31
32 10  36
32 15  5
32 17  16
32 1  16
34 26  12
32 28  4
32 19  21
32 24  4
32 27  32
32 28  26
32 20  11
45 5  32
32 7  22
32 17  26
32 21  33
32 9  19
58 16  2
32 1  14
32 27  4
32 0  34
32 28  30
32 28  13
32 24  15
32 16  20
46 4  33
47 11  13
32 21  22
46 10  15
32 11  7
46 28  19
32 2  5
96 23  6
45 21  7
32 2  20
32 0  1
46 1  25
32 23  16
47 3  24
32 2  0
32 0  26
96 6  7
32 24  37
46 11  10
32 8  38
46 13  38
32 23  33
59 25  31
32 25  3
95 3  18
96 4  40
34 4  24
46 2  30
58 18  33
32 7  14
32 20  16
32 26  3
59 18  2
32 7  36
32 9  18
32 14  38
34 22  29
59 10  24
32 9  11
45 23  11
32 5  14
32 5  39
32 1  13
32 17  33
70 27  34
32 23  8
32 20  36
59 16  34
34 26  13
32 27  41
32 6  40
46 8  18
46 26  17
95 3  5
32 13  40
45 12  26
32 22  23
59 24  39
32 10  31
32 18  19
32 4  0
34 24  22
32 25  18
32 28  33
34 13  7
32 13  18
32 12  28
32 25  0
32 15  3
32 13  29
45 4  9
32 19  10
32 18  22
32 24  2
95 6  12
32 23  21
32 0  10
39 5  3
32 1  27
32 7  1
32 16  0
32 1  4
32 3  33
32 28  11
32 18  34
32 13  34
32 1  22
32 22  2
46 5  6
46 14  20
32 0  17
32 8  8
32 16  30
46 20  33
32 19  19
92 27  16
32 26  2
45 9  28
32 1  8
32 1  41
32 9  4
32 20  19
96 5  28
47 23  25
32 1  31
46 2  13
32 14  36
32 9  31
39 11  14
32 0  25
32 12  1
32 15  19
59 11  19
32 11  24
32 25  10
32 23  2
96 20  4
32 19  39
32 11  17
32 14  13
39 5  24
32 14  30
32 1  1
34 24  14
32 19  29
32 18  4
45 4  8
32 20  27
32 2  12
32 0  3
32 5  4
32 20  1
43 14  3
92 19  30
45 6  34
59 3  21
32 12  33
32 7  29
32 28  2
46 6  11
46 4  10
32 9  41
95 4  4
58 21  3
32 16  15
45 20  35
95 3  25
59 10  27
32 25  40
32 2  4
58 15  32
32 6  0
32 10  10
32 24  27
95 3  17
46 2  28
58 20  15
32 3  37
32 15  31
46 7  32
80 27  36
96 23  28
95 5  21
32 23  14
32 19  34
32 10  8
46 15  8
34 13  24
32 26  31
92 3  31
32 27  1
32 9  5
47 22  26
44 4  41
32 21  19
45 10  18
45 8  20
95 6  31
32 18  24
32 28  6
32 12  5
32 22  12
32 6  3
32 0  41
32 28  5
32 3  13
95 3  16
32 14  0
95 14  35
39 8  15
32 9  37
32 12  4
32 16  13
60 5  16
34 5  35
92 16  39
32 11  37
32 14  10
32 3  15
32 17  0
58 3  14
32 16  23
32 21  23
46 5  12
32 28  8
46 21  37
46 24  12
32 1  32
32 27  14
32 18  16
32 1  28
32 24  7
32 20  14
46 19  31
32 22  7
32 12  2
58 5  2
32 13  9
47 24  35
32 22  20
32 17  35
46 11  33
32 0  0
59 5  41
47 27  26
32 26  40
32 7  39
32 14  8
32 0  27
116 22  27
59 14  32
32 1  10
32 1  35
32 8  34
32 23  20
32 2  9
32 21  24
95 7  12
32 25  38
32 7  21
32 5  0
32 5  23
32 1  12
32 15  41
32 27  17
32 1  33
32 11  36
32 12  41
39 6  36
95 10  23
46 23  10
32 16  14
32 25  21
32 16  38
32 11  0
32 17  10
32 10  2
32 25  12
32 6  5
32 15  1
32 1  6
39 5  38
59 5  20
46 6  33
32 9  40
98 27  29
32 22  22
32 9  3
32 0  16
46 9  27
32 20  18
32 13  0
59 21  16
32 16  25
46 6  32
46 12  25
32 19  27
34 28  17
46 7  25
32 16  26
32 3  34
32 17  8
45 8  19
32 12  6
95 26  34
58 27  33
95 3  38
32 22  3
92 22  17
32 2  11
32 10  0
32 15  23
59 17  12
32 14  15
39 20  30
32 21  21
32 22  1
32 27  8
32 9  10
32 8  7
32 14  29
32 9  34
116 27  19
32 18  20
59 15  40
32 10  32
46 27  22
32 8  35
58 16  32
32 0  33
45 5  11
45 13  23
32 15  14
59 16  9
46 8  25
32 13  14
32 15  16
58 13  31
32 18  25
95 27  35
95 20  31
32 17  24
32 28  3
34 11  20
45 9  21
32 8  29
59 15  2
39 2  26
32 23  35
92 3  19
34 7  23
32 26  23
45 22  28
58 10  19
32 18  12
46 4  16
32 0  9
92 19  9
32 20  41
32 15  29
46 14  23
47 20  38
44 5  25
32 3  40
32 2  19
32 18  11
32 20  8
32 0  8
32 17  20
32 24  23
92 25  9
32 19  15
59 15  9
32 28  14
32 8  0
32 28  7
32 2  40
96 12  34
32 23  1
32 18  28
39 21  38
96 17  3
95 0  23
32 17  28
59 11  16
96 12  13
32 10  34
58 18  8
32 22  18
32 8  36
32 25  6
39 26  21
32 8  9
39 12  30
32 8  40
32 21  35
95 3  26
32 7  4
32 21  40
32 18  6
46 25  20
95 4  13
32 14  7
95 26  36
58 21  27
32 24  33
45 26  19
32 10  40
32 7  5
95 4  31
46 24  20
34 10  26
32 6  27
46 14  6
47 26  27
32 16  1
34 22  30
32 26  4
32 12  36
32 19  20
32 19  18
32 23  3
32 0  35
32 3  35
32 21  5
32 27  2
32 21  2
34 19  33
32 21  14
46 10  28
32 24  34
46 12  14
32 9  8
59 20  28
32 23  40
45 13  37
32 13  3
32 0  14
32 1  11
32 9  32
32 15  25
32 25  8
32 12  20
45 4  35
45 10  25
32 25  2
32 27  39
108 23  18
46 25  28
32 24  10
32 26  28
32 18  15
46 12  29
32 14  40
74 6  13
32 11  4
32 3  7
32 23  4
32 18  1
32 15  6
32 2  31
32 0  13
32 4  1
92 11  30
32 22  25
32 15  28
46 20  29
32 13  32
95 3  39
45 13  16
58 19  28
46 17  4
32 18  9
58 21  41
32 6  23